$ANSIBLE_VAULT;1.1;AES256
63333438336139643234393438636263373665383366636661663239343563323135396565323562
3331316463343533326563363631346665633831646434640a353332356432373136653832613536
62373134646531323830633837353762386238393432623865346139313132373434346466663433
3638366539376561370a396132633737326665663165323763346638656261393562613533636131
38666664353034363538643435363137623864353836633664613766306437633037313662366465
35303562633864663463623733393835373832323635666165386430656431626130643037646163
65623334363165366133623335643436353236633930613832386437316364663538313065363336
37653431383839306139613939383763376535636565346139613634393939316462366339633334
62343664666135306636353038613566316233383265363138613034623261393631386533643665
31373438353963353232386530643764363433316637623036386665343837666438386638623762
37386165366565633061616262643237653064333164363763663830373337363537316661373335
33616132623433636230623735626361636463363334646235356638326635333431396532336161
38636631386434353634383561313564633138323738363765306139613036366535613965353064
62316230386635626639353635333636326331633932356462343833383238303761326363646435
36303231313839623834636661653639373963633531303431363230653462613361656334643032
37666130333832613737656633326337303830663139633130336563666165323637356636613935
32366561303162633964366432306538656333313063646563623463633932303331656136633731
36653531303339373834666261626132323035393137643838616164376434626635616133653761
30303665633238303964653038623163663162373936393135663739646435643830343131306431
62643232643933393231373466356537373336303364663262663761313638313866366465306436
35313630636239376330623863613134313263323537303336643532313432383633363435643963
34376631656237623639653533353063613765376132363230363838613138316566313666326233
39383831646231616536633139396630663330303963633330366466313562636430336562646537
37653365383835366431326461326230663032366662613134623762646664366165306663323463
30326332393261383336303162383738366238383134323566396335616638346538333966633539
33663733656635626132326438656430653638356632623437383963323362626564336530366630
65346637373365386463613964333439383632643963633465343437646462333561393136343430
61303032353532353534363765666565386430616531613832303832313763373934623032306536
64303064353664653662363536626131626333316662643631323830626333646662303438383334
34663465343730636237396462623938316538663434663039306535356561366263396137336436
39373464613834326461336166343162646563643064613136663562303133653236376236366464
65343838613465363562383261646264306264646365396538643835316563313262633862646435
39613665356164353362623836646532303531613939393564613861396233643535663735343032
39326134353936356635613264626437666433386137323232386462373537396431333163666165
66313033336234613336306139613864313436663766613337653537623166316266346362356638
34616161666338356638373965303361636638613535326437343239376538343739316130336130
65623232333231616662633462316439396132313131313866383236643135343435343637333232
62656236656464613039376564633866653165356666383838626331373365396130353937666136
61373631323232633335353762666131326134343131636164343763666130613766303065373736
64623565333536336238666237316261346337643862323932656239313463313237393963646138
33363238316435346136636163643263323335336432366365303062383836633436346662633134
62323331643131376462393338633964323333636533623832646164323934356433376162366631
32376537323438346133336534363138326435633265336537626662376662643435383061636364
66623532356465316666613563316436343135353639343337323165316133653133646263393234
62363833333764343863373131643639616532626363333463666433303364306439386337646532
63376264363731323961343064373533343630613061333961303865376563666239343162373534
39636564343530613261383734323535353762356239333139383336343335333635396430393933
64313264373632653033326166353332643039633934666333656661353936353837653638383035
36623161336432623964353235353139653738343734393264343463373464666638653965386465
64303534373731363666356366663333633763313661653437623839656262396236666666653962
39663066383762383164303666666166653564343461636638373432303233323439393137376235
31316665353162333334333763373261356432366263306465646637376536303937336331633864
63316463373162316331333935386231636530633062323133396230666433353965303839386435
63376633353934326332313763633738393433646135386438373832623166316630396238366464
39623736613935636636366464376364656230336337663231333264613131316230353130663133
37363836316338616539656635633639396633343163383533303939313132643266393064366533
35316533306134303237653431623466636163343963643561336261353866613366643534643664
30393937633461346336396233383266363663383765343964363038653835663061343736656261
66386462366532383132646134636461323732383037313031316263646561336633633036663466
30336339303666656631383264376465346562366638356662306562666466363936383634336336
61376536616535373031343831633266383830663136396464646330363965323065313333653665
33663731643061366563366635646165383234393130353765343935626537623561373138616265
66633237303239643437353831306262643966343331623964373636373462623265343230303133
37393065663830393266316135346435333761656231336434356631373136373130653638646434
33366362326338646139303261633264616266633166643937616234393664646339383261323932
64383333663035616164356162313536326235653036666230636236353630366565303130623237
38663264346566636130343930353865306130656436613636323063336131653331353730346563
64316132613538323639303833313030643230313031643838653938316638663536663233373932
62623233623935326264306163636331343865396237613861616536656239313262653862646237
66353235313137613233626138306434353039663635393362316335626637336165633335396632
30323633323431303839373330653037333865626261363537663836353831346134363830333135
38643063373932653034323265333239313534646663633736643434333734653266613834313834
65376561336338383532306331373138383461323261656165373430633733336366343037363632
36663461313261346534333435376639663161313039383936643566316537666537353565643330
37663162396266373632323062623738336633393464633139643630623833633531393264636130
65353636613765373333376163313062653837343836633033623137376334363364313463373038
31383630323365633366663034626631333330356563306234313930663766663935616164623632
64336163373266396366343337636265333734306138333736333437633062616436623761653565
62613661303635343934343238353033613538313333656563376532656561656666613834386265
62306634326636383032336436373036336438666364633930646564653636643837303863633430
32613862373432343033633333363565636533373738663165666437653864343135376635333238
63333130666361336266343434646161336266643036633965383432336537393431626435313865
61646136613564353861323166383137643862653865376464623738363762623430663465626466
65643661613864376430366232316163396136306531383937313130396336646336306236666463
30623932336237373866623265653638393438646532623237333066326630343431383132643430
34633231356436333330393864386637663166356133323731663230613332663730663263643738
36613839643961396235626233333138326565646130323364363732353334386334363564333734
33616631333463363335306362383835393762623039386131363766663565373965366662663539
61636533613964326666613836636432636265386265353461656233383230376465363236653136
64383530366330393230393131633433623337643238323438316465306365636332633530356138
35663064393036613939346664303434373964643662363834656464343439653036633762633330
65643734613338323132666562313438383134333064343633373030616665643838663861313534
65363933353936663632363763626366373231653337393561303962393633616330623432306639
38313838333365306136373536313035356138346138623837366163303338646462393332383031
62643464326163346235613762666630633561323965653563383133396331396531333165313730
35356238326335656565373537633132656362646261623031656538653333356365396530316335
37333438313731353565636336666139643166613137363033623033303461376361623537373564
31613364653331383936616264636534636538363037346134303565323131383436656436356361
32656637643333636235636564346161343761663765663835396466316335343930656232626165
34393534343064303064663136316162353462363030663132653935333332666530343463356532
37376561623635666331653031323266633630623034333534616433386361633765333532386161
30313130666637363835636633383765336436366233313662303038366235346663393762636530
32643831653831633730373735656665383634616439376130383430646235643266393833316231
31383534666539623434356436643231633532633738356232363362653036343535643264316662
65396562346234663462623738396263613062373339666361653261666534373336666636333334
62333935393136383937323033643264353865636334323630613264663939653930356230306463
63613961633930656263633530663661353132366532326563623430383963623330356561393034
36396434333938306431633165333363363535373838653133353635376134306561343735306463
39376434343031313734313333623939383733643039663964343361316565653332366264366530
39383163336435653937663133333730356634396662666233623961373163383637353331343162
63333162636632323561326361663336633538366330346232316362636636323065376464353337
33336335336330373462663266636136336239356362303133393061396437626330313334353030
62626561666630623265653735306161333765333138613730353465336539303063313365393865
38326230656530626661326538353565313633663235323661616637343731613062633231636537
38653238643866653032333331333831623864656433623932383837303264656666623966333233
35666434633263313039323936623463396234343230363139623633336364626666366665353363
37333338356333333361373530656435316239333430666564316662306139613665333836616531
39396135366363633634653339336437643530373862376537396436633864653530613038363632
38333839393732613836383038353766666435643064623530336635663033626663336131393166
66623037616231383730376235316133636336666466356439323430663364613831373333396261
62663933656337626139386130353933376566656239633932313932613466346438383466306239
33643562366362396161323265656164373931343364343030356439356132613638376433323430
65363237336532336161336461336265613733393566333637646132336263613761323461336661
30316633383731313462643564343066653433663832366232346566373033316231323465343762
33633236366538376533656238363162336363376639303739623863653339653439623932653730
63613339386262626564333639353936623230623863346361373630343337666236323338376539
36306532326564316635333333363834363662383030623166633333663066356639633039366430
37326339333534333037313830336231653238343838613830633732623434626162656237356361
33626530336534633735316232633461623863363965626162316234663064636662306136383761
65346537373263616564646561343330313431393033666361333565343938656265616431613465
31666236636436386265353134306531313236353866346439643730626437383035313739643262
30306238313362343635376365623462653438373530383765326538616433613163613733306436
38623563633230343861333565626461323863393437383965396132363462373066303832306163
63303930383030393930333235663330623335663735613463316532623837616138333163616135
38316536653562336530653330656334363131363138323466623637343334343732633363323434
39623330653663653163616230636532356164656665373037616435373563333537313266646539
38373666666635653665333364653262666236363266396438313764353861373638306132353562
61363831626238386364626463333933316631653438333837626136363333626161363162626263
30313864393537613430393365633066383665383764306132393437363866346663636166656331
31613033613264653538313735366237336566653431356638623530633530663666363364333566
35666466623262656233303233633764393435343135353731666566393632613334333466333966
38333165313037323365373063303465393263333333396437353066653362323535363431383464
31653061386332346535613561363832396132633239373532386631393432323838656130343165
38656636656363333938376239353634306164303739626330646337666261643638346535336431
31313862386130393864633134363931623939363036613635626234343638386366653233633032
61316234653166616130663431303166396136386539363866656234376331356431646238356466
62316437376430353865316264326433646264363863353366316536343436383961653838616466
30343363623432373533363431373737333465623166333961663964383666623865626332356336
61313631646532326330356661666132313735366630343736303761323938373236316133363233
65333837316631623933633564616264356663303064663666656336646362653631333436313339
66393065383337336631663436306236623832616638366531336432363965336465613332356465
32663132373139303837376336306163303230376638666335356161313035623237336466383639
31643231623837663737633133613662343737353832343637333161343534316533626266356466
62623266626562633330333361373262663366656335646538373536613336376334643962613762
63323434373333633763663261663434633432366639646265616137396635306639653837623637
36376431303339613063396337356663346137353536666539663832316166653032303965313138
30613134386130626537663862323466323164386663616138306464363733353139363561653662
66333865663930316539336363356562303234313030396463643734303130336137326336333534
30316263623563313061616234346163383233373439653533376438663231376262366562313637
36373534376362636135666537646339366365333831333265363639393266633730363662316333
33656337643537396238663833343730653432613137616431636366366664366333623239376336
61626533643835396461306533663133666437333161626466653433613536356166333563333339
39323363653362343830616361396336313533376563373132626664633138663736383566353336
31613237373066303734396130323664393961323137333334643863353930666636653464653032
39356464306566656536633732313566376537636636323865376665353132366130323062386365
36616465316139633832373232653238303631353239643234393036326530633639346533353433
63613665393963346635356438363932656262376232303965303364613137356437356535623465
34626137353664393866
